      0.0628318548      0.0000000000      0.0000000000    1    1     -0.0000000000     -0.0000000000
      0.0939304496      0.0000000000      0.0000000000    1    1     -0.0000000000     -0.0000000000
      0.1250290444      0.0000000000      0.0000000000    1    1     -0.0000000000     -0.0000000000
      0.1561276420      0.0000000000      0.0000000000    1    1     -0.0000000000     -0.0000000000
      0.1872262339      0.0000000000      0.0000000000    1    1     -0.0000000000     -0.0000000000
      0.2183248259      0.0000000000      0.0000000000    1    1     -0.0000000000     -0.0000000000
      0.2494234292      0.0000000000      0.0000000000    1    1     -0.0000000000     -0.0000000000
      0.2805220097      0.0000000000      0.0000000000    1    1     -0.0000000000     -0.0000000000
      0.3116206131      0.0000000000      0.0000000000    1    1     -0.0000000000     -0.0000000000
      0.3427192165      0.0000000000      0.0000000000    1    1     -0.0000000000     -0.0000000000
      0.3738177969      0.0000000000      0.0000000000    1    1     -0.0000000000     -0.0000000000
      0.4049164003      0.0000000000      0.0000000000    1    1     -0.0000000000     -0.0000000000
      0.4360150037      0.0000000000      0.0000000000    1    1     -0.0000000000     -0.0000000000
      0.4671135841      0.0000000000      0.0000000000    1    1     -0.0000000000     -0.0000000000
      0.4982121646      0.0000000000      0.0000000000    1    1     -0.0000000000     -0.0000000000
      0.5293107909      0.0000000000      0.0000000000    1    1     -0.0000000000     -0.0000000000
      0.5604093713      0.0000000000      0.0000000000    1    1     -0.0000000000     -0.0000000000
      0.5915079518      0.0000000000      0.0000000000    1    1     -0.0000000000     -0.0000000000
      0.6226065781      0.0000000000      0.0000000000    1    1     -0.0000000000     -0.0000000000
      0.6537051585      0.0000000000      0.0000000000    1    1     -0.0000000000     -0.0000000000
      0.6848037390      0.0000000000      0.0000000000    1    1     -0.0000000000     -0.0000000000
      0.7159023653      0.0000000000      0.0000000000    1    1     -0.0000000000     -0.0000000000
      0.7470009457      0.0000000000      0.0000000000    1    1     -0.0000000000     -0.0000000000
      0.7780995262      0.0000000000      0.0000000000    1    1     -0.0000000000     -0.0000000000
      0.8091981525      0.0000000000      0.0000000000    1    1     -0.0000000000     -0.0000000000
      0.8402966871      0.0000000000      0.0000000000    1    1     -0.0000000000     -0.0000000000
      0.8713953134      0.0000000000      0.0000000000    1    1     -0.0000000000     -0.0000000000
      0.9024939397      0.0000000000      0.0000000000    1    1     -0.0000000000     -0.0000000000
      0.9335924743      0.0000000000      0.0000000000    1    1     -0.0000000000     -0.0000000000
      0.9646911006      0.0000000000      0.0000000000    1    1     -0.0000000000     -0.0000000000
      0.9957897269      0.0000000000      0.0000000000    1    1     -0.0000000000     -0.0000000000
      1.0268882615      0.0000000000      0.0000000000    1    1     -0.0000000000     -0.0000000000
      1.0579868878      0.0000000000      0.0000000000    1    1     -0.0000000000     -0.0000000000
      1.0890855141      0.0000000000      0.0000000000    1    1     -0.0000000000     -0.0000000000
      1.1201840487      0.0000000000      0.0000000000    1    1     -0.0000000000     -0.0000000000
      1.1512826750      0.0000000000      0.0000000000    1    1     -0.0000000000     -0.0000000000
      1.1823813013      0.0000000000      0.0000000000    1    1     -0.0000000000     -0.0000000000
      1.2134798359      0.0000000000      0.0000000000    1    1     -0.0000000000     -0.0000000000
      1.2445784622      0.0000000000      0.0000000000    1    1     -0.0000000000     -0.0000000000
      1.2756770886      0.0000000000      0.0000000000    1    1     -0.0000000000     -0.0000000000
      1.3067756231      0.0000000000      0.0000000000    1    1     -0.0000000000     -0.0000000000
      1.3378742494      0.0000000000      0.0000000000    1    1     -0.0000000000     -0.0000000000
      1.3689728758      0.0000000000      0.0000000000    1    1     -0.0000000000     -0.0000000000
      1.4000714103      0.0000000000      0.0000000000    1    1     -0.0000000000     -0.0000000000
      1.4311700367      0.0000000000      0.0000000000    1    1     -0.0000000000     -0.0000000000
      1.4622686630      0.0000000000      0.0000000000    1    1     -0.0000000000     -0.0000000000
      1.4933671975      0.0000000000      0.0000000000    1    1     -0.0000000000     -0.0000000000
      1.5244658239      0.0000000000      0.0000000000    1    1     -0.0000000000     -0.0000000000
      1.5555644502      0.0000000000      0.0000000000    1    1     -0.0000000000     -0.0000000000
      1.5866629848      0.0000000000      0.0000000000    1    1     -0.0000000000     -0.0000000000
      1.6177615193      0.0000000000      0.0000000000    1    1     -0.0000000000     -0.0000000000
      1.6488601456      0.0000000000      0.0000000000    1    1     -0.0000000000     -0.0000000000
      1.6799587720      0.0000000000      0.0000000000    1    1     -0.0000000000     -0.0000000000
      1.7110573983      0.0000000000      0.0000000000    1    1     -0.0000000000     -0.0000000000
      1.7421560246      0.0000000000      0.0000000000    1    1     -0.0000000000     -0.0000000000
      1.7732546509      0.0000000000      0.0000000000    1    1     -0.0000000000     -0.0000000000
      1.8043530937      0.0000000000      0.0000000000    1    1     -0.0000000000     -0.0000000000
      1.8354517201      0.0000000000      0.0000000000    1    1     -0.0000000000     -0.0000000000
      1.8665503464      0.0000000000      0.0000000000    1    1     -0.0000000000     -0.0000000000
      1.8976489727      0.0000000000      0.0000000000    1    1     -0.0000000000     -0.0000000000
      1.9287475990      0.0000000000      0.0000000000    1    1     -0.0000000000     -0.0000000000
      1.9598462254      0.0000000000      0.0000000000    1    1     -0.0000000000     -0.0000000000
      1.9909446682      0.0000000000      0.0000000000    1    1     -0.0000000000     -0.0000000000
      2.0220432945      0.0000000000      0.0000000000    1    1     -0.0000000000     -0.0000000000
      2.0531419208      0.0000000000      0.0000000000    1    1     -0.0000000000     -0.0000000000
      2.0842405471      0.0000000000      0.0000000000    1    1     -0.0000000000     -0.0000000000
      2.1153391735      0.0000000000      0.0000000000    1    1     -0.0000000000     -0.0000000000
      2.1464376163      0.0000000000      0.0000000000    1    1     -0.0000000000     -0.0000000000
      2.1775362426      0.0000000000      0.0000000000    1    1     -0.0000000000     -0.0000000000
      2.2086348689      0.0000000000      0.0000000000    1    1     -0.0000000000     -0.0000000000
      2.2397334952      0.0000000000      0.0000000000    1    1     -0.0000000000     -0.0000000000
      2.2708321216      0.0000000000      0.0000000000    1    1     -0.0000000000     -0.0000000000
      2.3019307479      0.0000000000      0.0000000000    1    1     -0.0000000000     -0.0000000000
      2.3330291907      0.0000000000      0.0000000000    1    1     -0.0000000000     -0.0000000000
      2.3641278170      0.0000000000      0.0000000000    1    1     -0.0000000000     -0.0000000000
      2.3952264433      0.0000000000      0.0000000000    1    1     -0.0000000000     -0.0000000000
      2.4263250697      0.0000000000      0.0000000000    1    1     -0.0000000000     -0.0000000000
      2.4574236960      0.0000000000      0.0000000000    1    1     -0.0000000000     -0.0000000000
      2.4885223223      0.0000000000      0.0000000000    1    1     -0.0000000000     -0.0000000000
      2.5196207651      0.0000000000      0.0000000000    1    1     -0.0000000000     -0.0000000000
      2.5507193914      0.0000000000      0.0000000000    1    1     -0.0000000000     -0.0000000000
      2.5818180177      0.0000000000      0.0000000000    1    1     -0.0000000000     -0.0000000000
      2.6129166441      0.0000000000      0.0000000000    1    1     -0.0000000000     -0.0000000000
      2.6440152704      0.0000000000      0.0000000000    1    1     -0.0000000000     -0.0000000000
      2.6751138967      0.0000000000      0.0000000000    1    1     -0.0000000000     -0.0000000000
      2.7062123395      0.0000000000      0.0000000000    1    1     -0.0000000000     -0.0000000000
      2.7373109658      0.0000000000      0.0000000000    1    1     -0.0000000000     -0.0000000000
      2.7684095922      0.0000000000      0.0000000000    1    1     -0.0000000000     -0.0000000000
      2.7995082185      0.0000000000      0.0000000000    1    1     -0.0000000000     -0.0000000000
      2.8306068448      0.0000000000      0.0000000000    1    1     -0.0000000000     -0.0000000000
      2.8617054711      0.0000000000      0.0000000000    1    1     -0.0000000000     -0.0000000000
      2.8928039139      0.0000000000      0.0000000000    1    1     -0.0000000000     -0.0000000000
      2.9239025403      0.0000000000      0.0000000000    1    1     -0.0000000000     -0.0000000000
      2.9550011666      0.0000000000      0.0000000000    1    1     -0.0000000000     -0.0000000000
      2.9860997929      0.0000000000      0.0000000000    1    1     -0.0000000000     -0.0000000000
      3.0171984192      0.0000000000      0.0000000000    1    1     -0.0000000000     -0.0000000000
      3.0482970456      0.0000000000      0.0000000000    1    1     -0.0000000000     -0.0000000000
      3.0793954884      0.0000000000      0.0000000000    1    1     -0.0000000000     -0.0000000000
      3.1104941147      0.0000000000      0.0000000000    1    1     -0.0000000000     -0.0000000000
      3.1415927410      0.0000000000      0.0000000000    1    1     -0.0000000000     -0.0000000000
