      0.0628318548      0.0000000000      0.0000000000    1    1      0.0068541284     -0.0000000000
      0.0939304496      0.0000000000      0.0000000000    1    1      0.0151457233     -0.0000000000
      0.1250290444      0.0000000000      0.0000000000    1    1      0.0264205499      0.0000000000
      0.1561276420      0.0000000000      0.0000000000    1    1      0.0404000447      0.0000000001
      0.1872262339      0.0000000000      0.0000000000    1    1      0.0567595856      0.0000000003
      0.2183248259      0.0000000000      0.0000000000    1    1      0.0751474876      0.0000000005
      0.2494234292      0.0000000000      0.0000000000    1    1      0.0952032388      0.0000000008
      0.2805220097      0.0000000000      0.0000000000    1    1      0.1165734647      0.0000000012
      0.3116206131      0.0000000000      0.0000000000    1    1      0.1389248211      0.0000000017
      0.3427192165      0.0000000000      0.0000000000    1    1      0.1619531000      0.0000000024
      0.3738177969      0.0000000000      0.0000000000    1    1      0.1853889464      0.0000000033
      0.4049164003      0.0000000000      0.0000000000    1    1      0.2090004495      0.0000000045
      0.4360150037      0.0000000000      0.0000000000    1    1      0.2325930368      0.0000000060
      0.4671135841      0.0000000000      0.0000000000    1    1      0.2560076451      0.0000000080
      0.4982121646      0.0000000000      0.0000000000    1    1      0.2791176256      0.0000000105
      0.5293107909      0.0000000000      0.0000000000    1    1      0.3018248915      0.0000000135
      0.5604093713      0.0000000000      0.0000000000    1    1      0.3240556928      0.0000000169
      0.5915079518      0.0000000000      0.0000000000    1    1      0.3457567484      0.0000000206
      0.6226065781      0.0000000000      0.0000000000    1    1      0.3668913196      0.0000000242
      0.6537051585      0.0000000000      0.0000000000    1    1      0.3874356702      0.0000000276
      0.6848037390      0.0000000000      0.0000000000    1    1      0.4073762329      0.0000000304
      0.7159023653      0.0000000000      0.0000000000    1    1      0.4267069336      0.0000000327
      0.7470009457      0.0000000000      0.0000000000    1    1      0.4454269589      0.0000000343
      0.7780995262      0.0000000000      0.0000000000    1    1      0.4635391674      0.0000000354
      0.8091981525      0.0000000000      0.0000000000    1    1      0.4810485921      0.0000000360
      0.8402966871      0.0000000000      0.0000000000    1    1      0.4979612419      0.0000000362
      0.8713953134      0.0000000000      0.0000000000    1    1      0.5142835446      0.0000000361
      0.9024939397      0.0000000000      0.0000000000    1    1      0.5300214162      0.0000000357
      0.9335924743      0.0000000000      0.0000000000    1    1      0.5451800111      0.0000000351
      0.9646911006      0.0000000000      0.0000000000    1    1      0.5597636122      0.0000000343
      0.9957897269      0.0000000000      0.0000000000    1    1      0.5737752735      0.0000000334
      1.0268882615      0.0000000000      0.0000000000    1    1      0.5872170016      0.0000000325
      1.0579868878      0.0000000000      0.0000000000    1    1      0.6000900164      0.0000000314
      1.0890855141      0.0000000000      0.0000000000    1    1      0.6123947560      0.0000000304
      1.1201840487      0.0000000000      0.0000000000    1    1      0.6241313209      0.0000000294
      1.1512826750      0.0000000000      0.0000000000    1    1      0.6352999455      0.0000000284
      1.1823813013      0.0000000000      0.0000000000    1    1      0.6459011994      0.0000000274
      1.2134798359      0.0000000000      0.0000000000    1    1      0.6559365222      0.0000000264
      1.2445784622      0.0000000000      0.0000000000    1    1      0.6654087159      0.0000000255
      1.2756770886      0.0000000000      0.0000000000    1    1      0.6743221434      0.0000000246
      1.3067756231      0.0000000000      0.0000000000    1    1      0.6826831439      0.0000000238
      1.3378742494      0.0000000000      0.0000000000    1    1      0.6905003405      0.0000000230
      1.3689728758      0.0000000000      0.0000000000    1    1      0.6977846427      0.0000000223
      1.4000714103      0.0000000000      0.0000000000    1    1      0.7045493764      0.0000000216
      1.4311700367      0.0000000000      0.0000000000    1    1      0.7108102856      0.0000000209
      1.4622686630      0.0000000000      0.0000000000    1    1      0.7165852640      0.0000000203
      1.4933671975      0.0000000000      0.0000000000    1    1      0.7218941896      0.0000000197
      1.5244658239      0.0000000000      0.0000000000    1    1      0.7267586644      0.0000000192
      1.5555644502      0.0000000000      0.0000000000    1    1      0.7312015729      0.0000000187
      1.5866629848      0.0000000000      0.0000000000    1    1      0.7352467600      0.0000000182
      1.6177615193      0.0000000000      0.0000000000    1    1      0.7389186696      0.0000000178
      1.6488601456      0.0000000000      0.0000000000    1    1      0.7422419466      0.0000000173
      1.6799587720      0.0000000000      0.0000000000    1    1      0.7452410788      0.0000000170
      1.7110573983      0.0000000000      0.0000000000    1    1      0.7479401248      0.0000000166
      1.7421560246      0.0000000000      0.0000000000    1    1      0.7503624439      0.0000000162
      1.7732546509      0.0000000000      0.0000000000    1    1      0.7525304860      0.0000000159
      1.8043530937      0.0000000000      0.0000000000    1    1      0.7544656190      0.0000000156
      1.8354517201      0.0000000000      0.0000000000    1    1      0.7561880581      0.0000000153
      1.8665503464      0.0000000000      0.0000000000    1    1      0.7577167248      0.0000000150
      1.8976489727      0.0000000000      0.0000000000    1    1      0.7590692577      0.0000000147
      1.9287475990      0.0000000000      0.0000000000    1    1      0.7602619968      0.0000000145
      1.9598462254      0.0000000000      0.0000000000    1    1      0.7613100042      0.0000000142
      1.9909446682      0.0000000000      0.0000000000    1    1      0.7622271010      0.0000000140
      2.0220432945      0.0000000000      0.0000000000    1    1      0.7630259449      0.0000000138
      2.0531419208      0.0000000000      0.0000000000    1    1      0.7637180656      0.0000000136
      2.0842405471      0.0000000000      0.0000000000    1    1      0.7643139609      0.0000000134
      2.1153391735      0.0000000000      0.0000000000    1    1      0.7648231699      0.0000000132
      2.1464376163      0.0000000000      0.0000000000    1    1      0.7652543494      0.0000000130
      2.1775362426      0.0000000000      0.0000000000    1    1      0.7656153629      0.0000000129
      2.2086348689      0.0000000000      0.0000000000    1    1      0.7659133410      0.0000000127
      2.2397334952      0.0000000000      0.0000000000    1    1      0.7661547651      0.0000000126
      2.2708321216      0.0000000000      0.0000000000    1    1      0.7663455328      0.0000000124
      2.3019307479      0.0000000000      0.0000000000    1    1      0.7664910209      0.0000000123
      2.3330291907      0.0000000000      0.0000000000    1    1      0.7665961437      0.0000000122
      2.3641278170      0.0000000000      0.0000000000    1    1      0.7666654072      0.0000000120
      2.3952264433      0.0000000000      0.0000000000    1    1      0.7667029532      0.0000000119
      2.4263250697      0.0000000000      0.0000000000    1    1      0.7667126040      0.0000000118
      2.4574236960      0.0000000000      0.0000000000    1    1      0.7666978982      0.0000000117
      2.4885223223      0.0000000000      0.0000000000    1    1      0.7666621234      0.0000000116
      2.5196207651      0.0000000000      0.0000000000    1    1      0.7666083436      0.0000000116
      2.5507193914      0.0000000000      0.0000000000    1    1      0.7665394212      0.0000000115
      2.5818180177      0.0000000000      0.0000000000    1    1      0.7664580388      0.0000000114
      2.6129166441      0.0000000000      0.0000000000    1    1      0.7663667133      0.0000000113
      2.6440152704      0.0000000000      0.0000000000    1    1      0.7662678093      0.0000000113
      2.6751138967      0.0000000000      0.0000000000    1    1      0.7661635488      0.0000000112
      2.7062123395      0.0000000000      0.0000000000    1    1      0.7660560191      0.0000000112
      2.7373109658      0.0000000000      0.0000000000    1    1      0.7659471753      0.0000000111
      2.7684095922      0.0000000000      0.0000000000    1    1      0.7658388478      0.0000000111
      2.7995082185      0.0000000000      0.0000000000    1    1      0.7657327407      0.0000000111
      2.8306068448      0.0000000000      0.0000000000    1    1      0.7656304332      0.0000000110
      2.8617054711      0.0000000000      0.0000000000    1    1      0.7655333788      0.0000000110
      2.8928039139      0.0000000000      0.0000000000    1    1      0.7654429039      0.0000000109
      2.9239025403      0.0000000000      0.0000000000    1    1      0.7653602040      0.0000000109
      2.9550011666      0.0000000000      0.0000000000    1    1      0.7652863442      0.0000000109
      2.9860997929      0.0000000000      0.0000000000    1    1      0.7652222541      0.0000000108
      3.0171984192      0.0000000000      0.0000000000    1    1      0.7651687259      0.0000000108
      3.0482970456      0.0000000000      0.0000000000    1    1      0.7651264118      0.0000000108
      3.0793954884      0.0000000000      0.0000000000    1    1      0.7650958218      0.0000000108
      3.1104941147      0.0000000000      0.0000000000    1    1      0.7650773210      0.0000000108
      3.1415927410      0.0000000000      0.0000000000    1    1      0.7650711297      0.0000000108
