1.00 0.00 0.00 
0.00 1.00 0.00 
0.00 0.00 1.00 
24    2
       1       1      1.0000000000      0.0000000000      0.0000000000      1.0000000000      0.0000000000
       1       1     -1.0000000000      0.0000000000      0.0000000000      1.0000000000      0.0000000000
       1       1      0.0000000000      1.0000000000      0.0000000000     -1.3000000000      0.0000000000
       1       1      0.0000000000     -1.0000000000      0.0000000000     -1.3000000000      0.0000000000
       1       1      1.0000000000      1.0000000000      0.0000000000      0.8500000000      0.0000000000
       1       1      1.0000000000     -1.0000000000      0.0000000000      0.8500000000      0.0000000000
       1       1     -1.0000000000      1.0000000000      0.0000000000      0.8500000000      0.0000000000
       1       1     -1.0000000000     -1.0000000000      0.0000000000      0.8500000000      0.0000000000
       2       2      1.0000000000      0.0000000000      0.0000000000     -1.3000000000      0.0000000000
       2       2     -1.0000000000      0.0000000000      0.0000000000     -1.3000000000      0.0000000000
       2       2      0.0000000000      1.0000000000      0.0000000000      1.0000000000      0.0000000000
       2       2      0.0000000000     -1.0000000000      0.0000000000      1.0000000000      0.0000000000
       2       2      1.0000000000      1.0000000000      0.0000000000      0.8500000000      0.0000000000
       2       2      1.0000000000     -1.0000000000      0.0000000000      0.8500000000      0.0000000000
       2       2     -1.0000000000      1.0000000000      0.0000000000      0.8500000000      0.0000000000
       2       2     -1.0000000000     -1.0000000000      0.0000000000      0.8500000000      0.0000000000
       1       2      1.0000000000      1.0000000000      0.0000000000      0.8500000000      0.0000000000
       1       2      1.0000000000     -1.0000000000      0.0000000000     -0.8500000000      0.0000000000
       1       2     -1.0000000000      1.0000000000      0.0000000000     -0.8500000000      0.0000000000
       1       2     -1.0000000000     -1.0000000000      0.0000000000      0.8500000000      0.0000000000
       2       1      1.0000000000      1.0000000000      0.0000000000      0.8500000000      0.0000000000
       2       1      1.0000000000     -1.0000000000      0.0000000000     -0.8500000000      0.0000000000
       2       1     -1.0000000000      1.0000000000      0.0000000000     -0.8500000000      0.0000000000
       2       1     -1.0000000000     -1.0000000000      0.0000000000      0.8500000000      0.0000000000
