1.00 0.00 0.00 
0.00 1.00 0.00 
0.00 0.00 1.00 
49    1
       1       1     -5.0000000000      0.0000000000      0.0000000000      0.0015094700      0.0000000000
       1       1     -4.0000000000     -1.0000000000      0.0000000000      0.0003492567      0.0000000000
       1       1     -4.0000000000      0.0000000000      0.0000000000      0.0010070167      0.0000000000
       1       1     -4.0000000000      1.0000000000      0.0000000000      0.0003492567      0.0000000000
       1       1     -3.0000000000     -1.0000000000      0.0000000000     -0.0008510600      0.0000000000
       1       1     -3.0000000000      0.0000000000      0.0000000000     -0.0023963133      0.0000000000
       1       1     -3.0000000000      1.0000000000      0.0000000000     -0.0008510600      0.0000000000
       1       1     -2.0000000000     -1.0000000000      0.0000000000     -0.0035142333      0.0000000000
       1       1     -2.0000000000      0.0000000000      0.0000000000     -0.0219111000      0.0000000000
       1       1     -2.0000000000      1.0000000000      0.0000000000     -0.0035142333      0.0000000000
       1       1     -1.0000000000     -4.0000000000      0.0000000000      0.0003492567      0.0000000000
       1       1     -1.0000000000     -3.0000000000      0.0000000000     -0.0008510600      0.0000000000
       1       1     -1.0000000000     -2.0000000000      0.0000000000     -0.0035142333      0.0000000000
       1       1     -1.0000000000     -1.0000000000      0.0000000000      0.0269663000      0.0000000000
       1       1     -1.0000000000      0.0000000000      0.0000000000     -0.1550696667      0.0000000000
       1       1     -1.0000000000      1.0000000000      0.0000000000      0.0269663000      0.0000000000
       1       1     -1.0000000000      2.0000000000      0.0000000000     -0.0035142333      0.0000000000
       1       1     -1.0000000000      3.0000000000      0.0000000000     -0.0008510600      0.0000000000
       1       1     -1.0000000000      4.0000000000      0.0000000000      0.0003492567      0.0000000000
       1       1      0.0000000000     -5.0000000000      0.0000000000      0.0015094700      0.0000000000
       1       1      0.0000000000     -4.0000000000      0.0000000000      0.0010070167      0.0000000000
       1       1      0.0000000000     -3.0000000000      0.0000000000     -0.0023963133      0.0000000000
       1       1      0.0000000000     -2.0000000000      0.0000000000     -0.0219111000      0.0000000000
       1       1      0.0000000000     -1.0000000000      0.0000000000     -0.1550696667      0.0000000000
       1       1      0.0000000000      0.0000000000      0.0000000000      0.1165836667      0.0000000000
       1       1      0.0000000000      1.0000000000      0.0000000000     -0.1550696667      0.0000000000
       1       1      0.0000000000      2.0000000000      0.0000000000     -0.0219111000      0.0000000000
       1       1      0.0000000000      3.0000000000      0.0000000000     -0.0023963133      0.0000000000
       1       1      0.0000000000      4.0000000000      0.0000000000      0.0010070167      0.0000000000
       1       1      0.0000000000      5.0000000000      0.0000000000      0.0015094700      0.0000000000
       1       1      1.0000000000     -4.0000000000      0.0000000000      0.0003492567      0.0000000000
       1       1      1.0000000000     -3.0000000000      0.0000000000     -0.0008510600      0.0000000000
       1       1      1.0000000000     -2.0000000000      0.0000000000     -0.0035142333      0.0000000000
       1       1      1.0000000000     -1.0000000000      0.0000000000      0.0269663000      0.0000000000
       1       1      1.0000000000      0.0000000000      0.0000000000     -0.1550696667      0.0000000000
       1       1      1.0000000000      1.0000000000      0.0000000000      0.0269663000      0.0000000000
       1       1      1.0000000000      2.0000000000      0.0000000000     -0.0035142333      0.0000000000
       1       1      1.0000000000      3.0000000000      0.0000000000     -0.0008510600      0.0000000000
       1       1      1.0000000000      4.0000000000      0.0000000000      0.0003492567      0.0000000000
       1       1      2.0000000000     -1.0000000000      0.0000000000     -0.0035142333      0.0000000000
       1       1      2.0000000000      0.0000000000      0.0000000000     -0.0219111000      0.0000000000
       1       1      2.0000000000      1.0000000000      0.0000000000     -0.0035142333      0.0000000000
       1       1      3.0000000000     -1.0000000000      0.0000000000     -0.0008510600      0.0000000000
       1       1      3.0000000000      0.0000000000      0.0000000000     -0.0023963133      0.0000000000
       1       1      3.0000000000      1.0000000000      0.0000000000     -0.0008510600      0.0000000000
       1       1      4.0000000000     -1.0000000000      0.0000000000      0.0003492567      0.0000000000
       1       1      4.0000000000      0.0000000000      0.0000000000      0.0010070167      0.0000000000
       1       1      4.0000000000      1.0000000000      0.0000000000      0.0003492567      0.0000000000
       1       1      5.0000000000      0.0000000000      0.0000000000      0.0015094700      0.0000000000
