        0.000000000000000E+000         0.000000000000000E+000         0.357170706616000E+001
        0.000000000000000E+000         0.000000000000000E+000        -0.357170706616000E+001
        0.000000000000000E+000         0.000000000000000E+000         0.357170706616000E+001
        0.000000000000000E+000         0.000000000000000E+000        -0.357170706616000E+001
        0.000000000000000E+000         0.000000000000000E+000         0.357170706616000E+001
        0.000000000000000E+000         0.000000000000000E+000        -0.357170706616000E+001
        0.000000000000000E+000         0.000000000000000E+000         0.357170706616000E+001
        0.000000000000000E+000         0.000000000000000E+000        -0.357170706616000E+001
        0.000000000000000E+000         0.000000000000000E+000         0.357170706616000E+001
        0.000000000000000E+000         0.000000000000000E+000        -0.357170706616000E+001
        0.000000000000000E+000         0.000000000000000E+000         0.357170706616000E+001
        0.000000000000000E+000         0.000000000000000E+000        -0.357170706616000E+001
        0.000000000000000E+000         0.000000000000000E+000         0.357170706616000E+001
        0.000000000000000E+000         0.000000000000000E+000        -0.357170706616000E+001
        0.000000000000000E+000         0.000000000000000E+000         0.357170706616000E+001
        0.000000000000000E+000         0.000000000000000E+000        -0.357170706616000E+001
        0.000000000000000E+000         0.000000000000000E+000         0.357170706616000E+001
        0.000000000000000E+000         0.000000000000000E+000        -0.357170706616000E+001
        0.000000000000000E+000         0.000000000000000E+000         0.357170706616000E+001
        0.000000000000000E+000         0.000000000000000E+000        -0.357170706616000E+001
        0.000000000000000E+000         0.000000000000000E+000         0.357170706616000E+001
        0.000000000000000E+000         0.000000000000000E+000        -0.357170706616000E+001
        0.000000000000000E+000         0.000000000000000E+000         0.357170706616000E+001
        0.000000000000000E+000         0.000000000000000E+000        -0.357170706616000E+001
        0.000000000000000E+000         0.000000000000000E+000         0.357170706616000E+001
        0.000000000000000E+000         0.000000000000000E+000        -0.357170706616000E+001
        0.000000000000000E+000         0.000000000000000E+000         0.357170706616000E+001
        0.000000000000000E+000         0.000000000000000E+000        -0.357170706616000E+001
        0.000000000000000E+000         0.000000000000000E+000         0.357170706616000E+001
        0.000000000000000E+000         0.000000000000000E+000        -0.357170706616000E+001
        0.000000000000000E+000         0.000000000000000E+000         0.357170706616000E+001
        0.000000000000000E+000         0.000000000000000E+000        -0.357170706616000E+001
       -0.393167150000000E+001         0.288190914260000E+001         0.000000000000000E+000
       -0.393167150000000E+001         0.288190914260000E+001         0.000000000000000E+000
        0.393167150000000E+001        -0.288190914260000E+001         0.000000000000000E+000
        0.393167150000000E+001        -0.288190914260000E+001         0.000000000000000E+000
       -0.393167150000000E+001         0.288190914260000E+001         0.000000000000000E+000
       -0.393167150000000E+001         0.288190914260000E+001         0.000000000000000E+000
        0.393167150000000E+001        -0.288190914260000E+001         0.000000000000000E+000
        0.393167150000000E+001        -0.288190914260000E+001         0.000000000000000E+000
       -0.393167150000000E+001         0.288190914260000E+001         0.000000000000000E+000
       -0.393167150000000E+001         0.288190914260000E+001         0.000000000000000E+000
        0.393167150000000E+001        -0.288190914260000E+001         0.000000000000000E+000
        0.393167150000000E+001        -0.288190914260000E+001         0.000000000000000E+000
       -0.393167150000000E+001         0.000000000000000E+000         0.784541385250000E+001
       -0.393167150000000E+001         0.000000000000000E+000         0.784541385250000E+001
        0.000000000000000E+000        -0.578464300000000E+001         0.534015564750000E+001
        0.000000000000000E+000        -0.578464300000000E+001         0.534015564750000E+001
       -0.393167150000000E+001         0.000000000000000E+000         0.784541385250000E+001
       -0.393167150000000E+001         0.000000000000000E+000         0.784541385250000E+001
        0.000000000000000E+000        -0.578464300000000E+001         0.534015564750000E+001
        0.000000000000000E+000        -0.578464300000000E+001         0.534015564750000E+001
       -0.393167150000000E+001         0.000000000000000E+000         0.784541385250000E+001
       -0.393167150000000E+001         0.000000000000000E+000         0.784541385250000E+001
        0.000000000000000E+000        -0.578464300000000E+001         0.534015564750000E+001
        0.000000000000000E+000        -0.578464300000000E+001         0.534015564750000E+001
