$~G",      0                 0                    0   
X",        0.54445561971191  0                    0   
L",        0.54445561971191  0.27442973717152     0   
T",        0.5               0.33983700463451     0   
W",        0.5               0.33983700463451     0.14908993881531
R",        0.5               0                    0.14908993881531
X$_1$.",   0.4555443802881   0                    0.29817987763062
Z",        0                 0                    0.29817987763062
$~G"       0                 0                    0   
Y",        0                 0.40524427209751     0   
S",        0                 0.33983700463451     0.14908993881531
W",        0.5               0.33983700463451     0.14908993881531
