      0.0000000000       0.0000000000       3.5717070662
      0.0000000000       0.0000000000       3.5717070662
      0.0000000000       0.0000000000       3.5717070662
      0.0000000000       0.0000000000       3.5717070662
      0.0000000000       0.0000000000       3.5717070662
      0.0000000000       0.0000000000       3.5717070662
      0.0000000000       0.0000000000       3.5717070662
      0.0000000000       0.0000000000       3.5717070662
     -3.9316715000       2.8819091426       0.0000000000
     -3.9316715000       2.8819091426       0.0000000000
     -3.9316715000       2.8819091426       0.0000000000
     -3.9316715000       0.0000000000       7.8454138525
     -3.9316715000       0.0000000000       7.8454138525
     -3.9316715000       0.0000000000       7.8454138525
      0.0000000000       0.0000000000      -3.5717070662
      0.0000000000       0.0000000000      -3.5717070662
      0.0000000000       0.0000000000      -3.5717070662
      0.0000000000       0.0000000000      -3.5717070662
      0.0000000000       0.0000000000      -3.5717070662
      0.0000000000       0.0000000000      -3.5717070662
      0.0000000000       0.0000000000      -3.5717070662
      0.0000000000       0.0000000000      -3.5717070662
     -3.9316715000       2.8819091426       0.0000000000
     -3.9316715000       2.8819091426       0.0000000000
     -3.9316715000       2.8819091426       0.0000000000
     -3.9316715000       0.0000000000       7.8454138525
     -3.9316715000       0.0000000000       7.8454138525
     -3.9316715000       0.0000000000       7.8454138525
      0.0000000000       0.0000000000       3.5717070662
      0.0000000000       0.0000000000       3.5717070662
      0.0000000000       0.0000000000       3.5717070662
      0.0000000000       0.0000000000       3.5717070662
      0.0000000000       0.0000000000       3.5717070662
      0.0000000000       0.0000000000       3.5717070662
      0.0000000000       0.0000000000       3.5717070662
      0.0000000000       0.0000000000       3.5717070662
      3.9316715000      -2.8819091426       0.0000000000
      3.9316715000      -2.8819091426       0.0000000000
      3.9316715000      -2.8819091426       0.0000000000
      0.0000000000      -5.7846430000       5.3401556475
      0.0000000000      -5.7846430000       5.3401556475
      0.0000000000      -5.7846430000       5.3401556475
      0.0000000000       0.0000000000      -3.5717070662
      0.0000000000       0.0000000000      -3.5717070662
      0.0000000000       0.0000000000      -3.5717070662
      0.0000000000       0.0000000000      -3.5717070662
      0.0000000000       0.0000000000      -3.5717070662
      0.0000000000       0.0000000000      -3.5717070662
      0.0000000000       0.0000000000      -3.5717070662
      0.0000000000       0.0000000000      -3.5717070662
      3.9316715000      -2.8819091426       0.0000000000
      3.9316715000      -2.8819091426       0.0000000000
      3.9316715000      -2.8819091426       0.0000000000
      0.0000000000      -5.7846430000       5.3401556475
      0.0000000000      -5.7846430000       5.3401556475
      0.0000000000      -5.7846430000       5.3401556475
